0000
1111
2222
3333
4444
5555
6666
7777
8888
9999
0000
1212
1313
1414
1616
1717
1818
1919
1010
2121
2323
2424
2525
2626
2727
2828
2929
2020
3131
3232
3434
3535
3636
3737
3838
3939
3030
4141
4242
4343
4545
4646
4747
4848
4949
4040
5151
5252
5353
5454
5656
5757
5858
5959
5050
6161
6262
6363
6464
6565
6767
6868
6969
6060
7171
7272
7373
7474
7575
7676
7878
7979
7070
8181
8282
8383
8484
8585
8686
8787
8989
8080
9191
9292
9393
9494
9595
9696
9797
9898
9090
2580
0872
1234
2345
3456
4567
8910
5678
6789
4321
5432
6543
7654
9810
8765
9876
0001
0002
0003
0004
0005
0006
0007
0008
0009
1000
2000
3000
4000
5000
6000
7000
8000
9000

